$ANSIBLE_VAULT;1.1;AES256
32666139636461386163646237613837643566373466643834333238653938326432613630653839
3266623832313664376163313735386130396239313734650a613730613163343661346630376231
33353633336433326231663932383831663037616364383962306266303535646239396538383831
3836356238663937360a663761313530656639313836323762626166656635326361336465313637
66363964396263633130373836396337303034326662376630643235356266623732386330643433
37313831623039313236366137386663333335326266666430666563353532326566653263323461
30383331323934313432313738346233643163336562323865306561646336343630366164613434
34633830316638613835363833383236323564633466386435376262613339303337643431373438
34323835326433396535636161373634363336393939386631386464306430393837363539363165
31633130396532303530333637383939383331653937383865366437653335306432303865316261
33613438383138353938323631396238616161346365616265356538316236326137656531366463
63326437303036613038653138356437663231666262373230653465663366353866623637636530
62316666306434303462306336313662303537613065656465613863396164653163353032626361
35363664616234313730333933633362613937656538643532656236643262636166633966663238
39316137313863626539343237616536613133653061326436366433616133333739393238663038
31633366333661313463636365343264643765383138306333373933373735366563666465393136
65656564376533636632623265353961396437383866643233623138346336303936313563626433
33323331653733653333663037653033303837393462383532346336636333396339303463356462
376564633661383761303636306462653138
