$ANSIBLE_VAULT;1.1;AES256
39373838613835376337636262313637396633643533386661666137353764643633333936666465
6231656661646430663530646461383231326633666539610a636461343733386334323063323338
64346636343931323237646236386333346263616133363330306135336336366638626437663665
3664306537353064310a336437653834393861393637373335326437303638363136663434353839
38666438663335666261666237656130366232333938306133306366306637383131623035356538
31663265666633343138373163303036303866643763373032303135366634643837323334386664
61326536666437383633366634663861626365613462343132303562303430366562313931383632
30303166626636323930356233663537373636303132363964346439653736366163663961646332
33323264316161363630373861343737373430643963333039356333396261313636613933363734
34633035663464323163313863643061333661623866306531633830323731306261326237396463
38386664316165396531386162303463376337663965396332633437633162653438643035633035
35646136363333346164306633386564663438333561383138653739353534373630363330303435
65303637323933333733633938643238646165313430656434333531656366646563306465303762
64326639346430643466303737646463666638623666353435373137633265623135616433326130
38306464663738656135376330343336346636343761663235306234303539313764636431666461
39626464666635303263613239323763306132353537303937393364333164366332313062336563
34653466386163353733613064323339326263343063333339316331623664326532393062353138
61653037326663333165633638353361646533656236646233666637366634666130653636383031
65623462653437653061333034666638616365646130386339643061313038323430383561613730
64363761656565656166376665393231653237373261303133626365336666356635303662373663
36373165386230313763643036623765643861623164366631363263633764353933363239346564
61393962623836303231333536313731363162303063626530393232626631376537323764643364
38326338353063323536666433373237633766623438376133636663663732396230643739366539
38323266646362373338623330313733353438333532386237316135643237633562356664313032
64633763373662373365656634613631366166613035653837633638393165653862663030376361
30396163336130666164656233663031663733386431383130396630363635323739353763653335
61633432363733633562383032373938623034643262353634653165353964323964373066623132
34323433333031313362
